5 2 -1
9 2 1
13 2 0
17 2 0
21 2 0
25 2 0
29 2 0
33 2 0
37 2 0
41 2 0
45 2 0
49 2 0
5 4 0
5 4 0
9 4 -1
13 4 0
17 4 0
21 4 0
25 4 0
29 4 0
33 4 0
37 4 0
41 4 0
45 4 0
49 4 0
5 6 0
5 6 0
9 6 -1
13 6 1
17 6 0
21 6 0
25 6 0
29 6 0
33 6 0
37 6 1
41 6 0
45 6 0
49 6 0
5 8 0
5 8 0
9 8 1
13 8 -1
17 8 0
21 8 0
25 8 0
29 8 0
33 8 -1
37 8 0
41 8 -1
45 8 0
49 8 0
5 10 0
5 10 0
9 10 0
13 10 1
17 10 -1
21 10 -1
25 10 0
29 10 0
33 10 1
37 10 0
41 10 1
45 10 0
49 10 0
5 12 0
5 12 0
9 12 0
13 12 0
17 12 1
21 12 1
25 12 0
29 12 0
33 12 -1
37 12 1
41 12 0
45 12 -1
49 12 0
5 14 0
5 14 0
9 14 1
13 14 -1
17 14 0
21 14 -1
25 14 0
29 14 0
33 14 0
37 14 0
41 14 -1
45 14 1
49 14 0
5 16 0
5 16 0
9 16 -1
13 16 1
17 16 -1
21 16 1
25 16 0
29 16 0
33 16 0
37 16 -1
41 16 1
45 16 0
49 16 0
5 18 0
5 18 0
9 18 0
13 18 1
17 18 -1
21 18 1
25 18 0
29 18 -1
33 18 1
37 18 0
41 18 -1
45 18 0
49 18 0
5 20 0
5 20 0
9 20 0
13 20 0
17 20 0
21 20 0
25 20 0
29 20 0
33 20 0
37 20 0
41 20 1
45 20 0
49 20 0
5 22 0
5 22 0
9 22 0
13 22 0
17 22 0
21 22 0
25 22 0
29 22 0
33 22 0
37 22 0
41 22 -1
45 22 0
49 22 0
5 24 0
5 24 0
9 24 0
13 24 0
17 24 0
21 24 0
25 24 0
29 24 0
33 24 0
37 24 0
41 24 0
45 24 0
49 24 0
0 76 41
0 76 41
22 0 0
0 0 0
0 0 0
0 0 0
0 0 0
0 0 0
0 0 0
0 0 0
0 0 0
0 0 0
0 0 0
0 0 0
